DateTime,Entries,UniqueIPs
1529135782,83,83
1529157698,94,94
1529179720,97,97
1529201770,112,112
1529223639,117,117
1529245706,123,123
1529267555,131,131
1529289611,132,132
1529311458,133,133
1529333538,124,124
1529377469,124,124
1529399666,125,125
1529443700,124,124
1529509464,123,123
1529531535,116,116
1529553379,117,117
1529575486,111,111
1529619642,112,112
1529663543,112,112
1529685637,110,110
1529707846,105,105
1529729772,97,97
1529751692,86,86
1529773726,76,76
1529795791,61,61
1529817638,53,53
1529839707,35,35
1529861550,33,33
1529883395,29,29
1529905236,26,26
1529927301,24,24
1529949158,31,31
1529971328,32,32
1529993311,31,31
1530015384,32,32
1530037235,34,34
1530059298,35,35
1530103398,39,39
1530147383,36,36
1530191559,35,35
1530213622,37,37
1530235619,37,37
1530279634,36,36
1530301503,35,35
1530323598,33,33
1530367704,32,32
1530411642,31,31
1530433692,30,30
1530455541,32,32
1530477392,48,48
1530499482,55,55
1530543702,57,57
1530565815,54,54
1530587788,55,55
1530609859,54,54
1530631707,52,52
1530676111,52,52
1530720280,48,48
1530742348,47,47
1530786281,48,48
1530808340,51,51
1530830191,50,50
1530852271,51,51
1530874122,56,56
1530896328,55,55
1530918264,56,56
1530940121,56,56
1530962199,61,61
1530984047,62,62
1531006105,63,63
1531028207,64,64
1531050251,65,65
1531072481,53,53
1531094524,34,34
1531116765,35,35
1531139087,35,35
1531182980,32,32
1531204825,31,31
1531226679,32,32
1531248757,33,33
1531314990,35,35
1531336830,37,37
1531402818,40,40
1531424724,38,38
1531446742,35,35
1531468905,34,34
1531491168,30,30
1531535352,296766,296766
1531557425,296767,296767
1531579337,296769,296769
1531667902,296771,296771
1531712465,296772,296772
1531822980,296773,296773
1531845195,296772,296772
1531867161,807,807
1531889096,792,792
1531911154,776,776
1531933233,768,768
1531955313,741,741
1531977428,721,721
1531999713,698,698
1532021796,674,674
1532043904,677,677
1532065951,663,663
1532088080,644,644
1532110138,633,633
1532131983,611,611
1532154033,607,607
1532175897,608,608
1532198055,603,603
1532220294,598,598
1532242330,602,602
1532264490,611,611
1532286577,611,611
1532308501,614,614
1532330432,600,600
1532352275,581,581
1532374356,573,573
1532396417,572,572
1532418280,569,569
1532440127,563,563
1532462189,560,560
1532484290,551,551
1532506348,548,548
1532528440,534,534
1532550489,534,534
1532572495,533,533
1532594418,530,530
1532616588,536,536
1532638446,532,532
1532660462,521,521
1532682757,526,526
1532704608,514,514
1532726693,860,860
1532748752,869,869
1532770846,854,854
1532792692,861,861
1532814787,865,865
1532836839,870,870
1532858932,878,878
1532880980,885,885
1532902835,887,887
1532925164,898,898
1532947349,902,902
1532969293,904,904
1532991393,903,903
1533013544,915,915
1533035531,896,896
1533057379,905,905
1533079222,909,909
1533101065,919,919
1533124329,925,925
1533146178,946,946
1533168310,946,946
1533190347,949,949
1533212200,946,946
1533234294,952,952
1533256342,959,959
1533278188,955,955
1533300256,976,976
1533322121,991,991
1533343965,614,614
1533366273,618,618
1533388661,618,618
1533410658,617,617
1533432512,617,617
1533454971,613,613
1533476914,614,614
1533498976,619,619
1533521098,611,611
1533543143,605,605
1533565249,601,601
1533587330,616,616
1533609222,614,614
1533631468,614,614
1533653529,618,618
1533675377,607,607
1533697292,601,601
1533719324,601,601
1533741379,588,588
1533763463,572,572
1533785541,568,568
1533807637,565,565
1533829483,571,571
1533851529,574,574
1533873404,565,565
1533895454,548,548
1533917500,555,555
1533939376,527,527
1533961227,530,530
1533983078,533,533
1534005158,528,528
1534027224,534,534
1534049069,535,535
1534071161,538,538
1534093258,534,534
1534115540,537,537
1534137651,537,537
1534159713,539,539
1534181806,540,540
1534203788,534,534
1534225848,530,530
1534247782,521,521
1534269867,522,522
1534291958,517,517
1534313798,521,521
1534335867,528,528
1534357947,495,495
1534380762,498,498
1534402603,490,490
1534424477,485,485
1534446519,480,480
1534468685,487,487
1534490664,485,485
1534512752,472,472
1534534654,472,472
1534556655,472,472
1534578755,462,462
1534600896,449,449
1534623269,436,436
1534645218,435,435
1534667322,424,424
1534689378,412,412
1534711546,407,407
1534733549,405,405
1534755677,391,391
1534777572,390,390
1534799549,383,383
1534821631,383,383
1534843473,378,378
1534865549,367,367
1534887396,362,362
1534909456,357,357
1534931308,342,342
1534953401,343,343
1534975493,476,476
1534997540,475,475
1535019620,481,481
1535041490,477,477
1535063769,479,479
1535085625,481,481
1535107702,504,504
1535129773,501,501
1535151699,501,501
1535173704,502,502
1535195817,504,504
1535217867,516,516
1535239944,521,521
1535262015,540,540
1535283864,553,553
1535306804,551,551
1535328731,554,554
1535350615,555,555
1535372668,553,553
1535394999,553,553
1535417053,551,551
1535439035,545,545
1535461303,538,538
1535483566,541,541
1535505683,544,544
1535527944,540,540
1535549826,546,546
1535571869,549,549
1535594233,364,364
1535616531,365,365
1535638870,370,370
1535661171,367,367
1535683221,359,359
1535705089,342,342
1535727146,337,337
1535749482,338,338
1535771558,341,341
1535793633,344,344
1535815731,340,340
1535838040,336,336
1535860139,327,327
1535882201,307,307
1535904284,316,316
1535926334,319,319
1535948452,322,322
1535970525,321,321
1535992822,329,329
1536014683,328,328
1536037096,331,331
1536059087,332,332
1536081154,334,334
1536103476,334,334
1536125556,339,339
1536147409,340,340
1536169456,340,340
1536191312,335,335
1536213164,333,333
1536235301,331,331
1536257293,315,315
1536279410,321,321
1536301486,314,314
1536323566,308,308
1536345633,302,302
1536367693,295,295
1536389548,294,294
1536411408,287,287
1536433275,280,280
1536455304,281,281
1536477165,282,282
1536499240,275,275
1536521297,262,262
1536543407,263,263
1536565387,259,259
1536587391,247,247
1536609376,245,245
1536631295,247,247
1536653304,272,272
1536675393,332,332
1536697452,666,666
1536719319,832,832
1536741391,853,853
1536763492,862,862
1536785544,871,871
1536807692,875,875
1536829961,881,881
1536852052,890,890
1536874358,895,895
1536896430,903,903
1536918288,907,907
1536940371,930,930
1536962499,945,945
1536984339,949,949
1537006607,970,970
1537028768,1011,1011
1537050779,1068,1068
1537072844,1073,1073
1537095151,1109,1109
1537128330,1120,1120
1537150359,1121,1121
1537172201,1129,1129
1537194550,1329,1329
1537216571,1471,1471
1537238421,1472,1472
1537260296,1465,1465
1537282348,1445,1445
1537304504,1249,1249
1537326747,1148,1148
1537348833,1143,1143
1537371155,1133,1133
1537393229,1128,1128
1537415344,1119,1119
1537437369,1120,1120
1537459274,1121,1121
1537481331,1115,1115
1537503395,1116,1116
1537525268,1117,1117
1537547557,1104,1104
1537569401,1095,1095
1537591461,1100,1100
1537613558,1085,1085
1537635781,1038,1038
1537657717,996,996
1537679787,995,995
1537701869,967,967
1537723944,973,973
1537745799,970,970
1537767879,974,974
1537789972,797,797
1537812281,435,435
1537834122,385,385
1537856219,382,382
1537878269,376,376
1537900335,369,369
1537922207,370,370
1537944282,371,371
1537966337,372,372
1537988472,369,369
1538010719,463,463
1538032638,461,461
1538054904,460,460
1538076755,459,459
1538098600,453,453
1538120675,458,458
1538142751,462,462
1538164905,468,468
1538186907,464,464
1538208999,469,469
1538231054,478,478
1538252905,484,484
1538274747,486,486
1538296821,492,492
1538318664,487,487
1538340511,493,493
1538362361,493,493
1538384492,485,485
1538406341,485,485
1538428617,484,484
1538450821,492,492
1538472755,492,492
1538494604,495,495
1538516679,495,495
1538538992,488,488
1538561072,493,493
1538582964,487,487
1538604975,477,477
1538627080,479,479
1538649147,480,480
1538671026,477,477
1538693077,481,481
1538715128,489,489
1538737279,503,503
1538759330,502,502
1538781401,517,517
1538803484,517,517
1538825566,513,513
1538847878,522,522
1538869954,521,521
1538892182,519,519
1538914125,517,517
1538935973,517,517
1538958036,514,514
1538979890,518,518
1539002195,524,524
1539024250,530,530
1539046374,536,536
1539068668,533,533
1539091008,531,531
1539113113,390,390
1539135139,391,391
1539157261,390,390
1539179334,551,551
1539201388,663,663
1539223487,662,662
1539245543,660,660
1539267385,669,669
1539289451,675,675
1539311317,669,669
1539333660,665,665
1539355973,665,665
1539378058,657,657
1539400351,655,655
1539422429,649,649
1539444769,648,648
1539466811,650,650
1539488675,652,652
1539510747,656,656
1539532864,655,655
1539554916,656,656
1539577011,659,659
1539599061,658,658
1539621158,658,658
1539643221,669,669
1539665306,664,664
1539687379,660,660
1539709256,662,662
1539731562,668,668
1539753614,692,692
1539775477,590,590
1539797546,426,426
1539819634,426,426
1539841708,425,425
1539863797,422,422
1539885677,424,424
1539907722,436,436
1539929820,441,441
1539951885,437,437
1539973944,442,442
1539996029,446,446
1540018097,457,457
1540039945,458,458
1540061797,463,463
1540083887,464,464
1540105754,458,458
1540127827,463,463
1540149886,468,468
1540171964,471,471
1540194139,468,468
1540216347,460,460
1540238483,460,460
1540260514,469,469
1540282604,474,474
1540304688,480,480
1540326992,483,483
1540348842,476,476
1540370684,458,458
1540392794,459,459
1540415077,455,455
1540437146,448,448
1540458992,441,441
1540481002,445,445
1540502904,438,438
1540524993,434,434
1540547058,432,432
1540568908,674,674
1540590754,851,851
1540612601,855,855
1540634695,848,848
1540656577,850,850
1540678596,851,851
1540700679,851,851
1540722752,853,853
1540744844,856,856
1540767143,853,853
1540789000,851,851
1540811352,848,848
